ObjectType = Image
NDims = 3
AnatomicalOrientation = RAI
BinaryData = True
BinaryDataByteOrderMSB = False
CenterOfRotation = 0 0 0
CompressedData = True
CompressedDataSize = 1720174            
DimSize = 820 616                     57
ElementNumberOfChannels = 1
ElementSpacing = 1 1 1
ElementType = MET_UCHAR
Kinds = domain domain               list
Offset = 0 0 0
TransformMatrix = 1 0 0 0 1 0 0 0 1
UltrasoundImageOrientation = MFA
UltrasoundImageType = BRIGHTNESS
Seq_Frame0000_ImageToReferenceTransform = -0.1632657957623842 0.09054705896306928 -0.008029166265387201 138.3255732728115 0.09026366239190363 0.1595315790002626 -0.03634651924108261 -40.45422910098759 -0.01075729366978557 -0.03563457355828222 -0.183120909744267 -20.25467256625137 0 0 0 1
Seq_Frame0000_ImageToReferenceTransformStatus = OK
Seq_Frame0000_NeedleToTrackerTransform = -0.4112591801543242 -0.2657772377508798 0.8719107446478139 376.051157804826 -0.01810493886118219 0.9587406174961153 0.2837051983168453 96.105454679826 -0.9113386296693594 0.1008904765410493 -0.3991027609722764 494.928236726424 0 0 0 1
Seq_Frame0000_NeedleToTrackerTransformStatus = OK
Seq_Frame0000_ProbeToTrackerTransform = 0.937070610632709 0.23688318803627 -0.2564859175748541 178.3705078125 -0.2800587303800084 0.07131382386306434 -0.9573303745645835 3.570953883227991 -0.2084844795815254 0.9689172791068396 0.1331672933637217 -164.19462890625 0 0 0 1
Seq_Frame0000_ProbeToTrackerTransformStatus = OK
Seq_Frame0000_ReferenceToTrackerTransform = 0.6659755725306954 0.7414803406727616 0.08175231610308222 150.35361328125 0.017776521781079 -0.1253349021426588 0.9919552195428264 20.761216398576 0.7457617126574543 -0.6591646734319854 -0.09665092463874705 -226.144642976424 0 0 0 1
Seq_Frame0000_ReferenceToTrackerTransformStatus = OK
Seq_Frame0000_Timestamp = 581.998080515421
Seq_Frame0000_ImageStatus = OK
Seq_Frame0001_ImageToReferenceTransform = -0.163854452903823 0.0895883575943037 -0.006678488187882574 139.3830057934333 0.08923282013635991 0.1606936265356969 -0.03367470147952562 -39.58577580652074 -0.01040145449074346 -0.03271699852095791 -0.1836851023714682 -18.28645713733406 0 0 0 1
Seq_Frame0001_ImageToReferenceTransformStatus = OK
Seq_Frame0001_NeedleToTrackerTransform = -0.4096602796499132 -0.2664797652143966 0.8724488466428474 375.4816854194029 -0.01783788925289165 0.9585398981559576 0.284399496044152 96.10576171874999 -0.9120637395402562 0.1009445311765135 -0.3974291592742 495.2569559909514 0 0 0 1
Seq_Frame0001_NeedleToTrackerTransformStatus = OK
Seq_Frame0001_ProbeToTrackerTransform = 0.93992458099501 0.2432512155494844 -0.2395216653562958 179.721634893097 -0.2640547995100604 0.07333957222032228 -0.9617153269040908 6.491534370895506 -0.2163720058072599 0.967186721000779 0.1331653176420373 -163.6306864597015 0 0 0 1
Seq_Frame0001_ProbeToTrackerTransformStatus = OK
Seq_Frame0001_ReferenceToTrackerTransform = 0.6656042576850954 0.7420558807892851 0.0795238450875666 150.6943135402985 0.02230110004909696 -0.1262855587177306 0.9917432221073914 21.5487080715485 0.7459716034059696 -0.6583350419394282 -0.1006048680061653 -225.92109375 0 0 0 1
Seq_Frame0001_ReferenceToTrackerTransformStatus = OK
Seq_Frame0001_Timestamp = 582.0963195356758
Seq_Frame0001_ImageStatus = OK
Seq_Frame0002_ImageToReferenceTransform = -0.1640723200782586 0.08920892390801741 -0.006403088328587643 139.821044136952 0.08884788616985347 0.1610356555436582 -0.03305289910697824 -39.35017025601002 -0.01026133951822756 -0.03206560394966909 -0.1838078096216476 -17.8202514777764 0 0 0 1
Seq_Frame0002_ImageToReferenceTransformStatus = OK
Seq_Frame0002_NeedleToTrackerTransform = -0.4096374296920292 -0.2661509266100758 0.8725599466282564 375.2701171875 -0.01755040569446859 0.958616024855161 0.2841606942398067 95.88251953125 -0.9120795795626976 0.1010890753518273 -0.3973560612212241 495.1116639839541 0 0 0 1
Seq_Frame0002_NeedleToTrackerTransformStatus = OK
Seq_Frame0002_ProbeToTrackerTransform = 0.9405107260924597 0.2453391306355247 -0.2350495375107963 180.1959532035459 -0.2596661426267639 0.07287486077016402 -0.9629448317744201 7.262273673137532 -0.2191188455573171 0.9666943496507746 0.1322458539043643 -163.41328125 0 0 0 1
Seq_Frame0002_ProbeToTrackerTransformStatus = OK
Seq_Frame0002_ReferenceToTrackerTransform = 0.6653733643498472 0.7423960451197458 0.07827131150252925 150.8396055472958 0.02329458336403189 -0.1254467653851936 0.9918268354104401 21.80562117229584 0.7461472029027929 -0.6581118607386989 -0.1007627428933217 -225.92109375 0 0 0 1
Seq_Frame0002_ReferenceToTrackerTransformStatus = OK
Seq_Frame0002_Timestamp = 582.184150325269
Seq_Frame0002_ImageStatus = OK
Seq_Frame0003_ImageToReferenceTransform = -0.1641454186719514 0.08908586641932065 -0.006240819614673007 139.8772004091172 0.08870784571268597 0.1611437607466021 -0.03290182146395242 -39.28106400542585 -0.01030377695052669 -0.03186399527083871 -0.1838404930158721 -17.50130344048305 0 0 0 1
Seq_Frame0003_ImageToReferenceTransformStatus = OK
Seq_Frame0003_NeedleToTrackerTransform = -0.4098345700220298 -0.2660365594367423 0.8725022488555079 375.2701171875 -0.01754902628073613 0.9586459961661658 0.2840596516775612 95.88251953125 -0.911991039918406 0.1011059003107142 -0.3975549522152931 495.03955078125 0 0 0 1
Seq_Frame0003_NeedleToTrackerTransformStatus = OK
Seq_Frame0003_ProbeToTrackerTransform = 0.9407848152742212 0.2460812260524748 -0.2331693837834641 180.3217478489191 -0.2579207909872887 0.07320861340882516 -0.9633884805722189 7.639657609257311 -0.2200018111878648 0.9664804856318974 0.1323430163128795 -163.41328125 0 0 0 1
Seq_Frame0003_ProbeToTrackerTransformStatus = OK
Seq_Frame0003_ReferenceToTrackerTransform = 0.6652768944898342 0.7425655147029256 0.07747973949324556 150.91171875 0.02382080630133845 -0.1248360138866003 0.9918913946718454 21.877734375 0.7462166058492107 -0.6580367968517291 -0.1007390249307594 -225.92109375 0 0 0 1
Seq_Frame0003_ReferenceToTrackerTransformStatus = OK
Seq_Frame0003_Timestamp = 582.2222228813101
Seq_Frame0003_ImageStatus = OK
Seq_Frame0004_ImageToReferenceTransform = -0.1637693408895446 0.08977413304346912 -0.006258254043302689 140.0821501582194 0.08943369119430654 0.1609136918511652 -0.03205187049188855 -39.6337993831223 -0.01000929794679208 -0.03108546652345682 -0.1839899899769775 -16.51081337483141 0 0 0 1
Seq_Frame0004_ImageToReferenceTransformStatus = OK
Seq_Frame0004_NeedleToTrackerTransform = -0.4103214926550944 -0.2657433271430635 0.8723627437850782 375.8460889912666 -0.01634037515918792 0.9585889430892345 0.28432416416253 95.67714367876663 -0.911794529927084 0.1024095809287347 -0.3976719916326125 495.2449266337334 0 0 0 1
Seq_Frame0004_NeedleToTrackerTransformStatus = OK
Seq_Frame0004_ProbeToTrackerTransform = 0.9435796146442244 0.2429698144756462 -0.2249959557003795 181.2905225850166 -0.2495620925304501 0.07516239098995912 -0.9654374018819116 9.85838892003328 -0.2176609124295865 0.9671175131463305 0.1315577552483217 -162.9310642049667 0 0 0 1
Seq_Frame0004_ProbeToTrackerTransformStatus = OK
Seq_Frame0004_ReferenceToTrackerTransform = 0.6661841473995751 0.7422317241363469 0.07273753803289532 151.4876905537666 0.02839091689723831 -0.1227001614637006 0.992037613306328 22.78856946001664 0.7452466957935708 -0.6588146462111841 -0.1028135416489345 -225.5683641337333 0 0 0 1
Seq_Frame0004_ReferenceToTrackerTransformStatus = OK
Seq_Frame0004_Timestamp = 582.3192299332955
Seq_Frame0004_ImageStatus = OK
Seq_Frame0005_ImageToReferenceTransform = -0.1637108237182726 0.08989031307336202 -0.006120090699714597 140.1107361033428 0.08953358753601769 0.1608894108269944 -0.03189448220220982 -39.87781945330372 -0.01007328555323472 -0.03087469055998366 -0.1840219852417308 -16.27319694642103 0 0 0 1
Seq_Frame0005_ImageToReferenceTransformStatus = OK
Seq_Frame0005_NeedleToTrackerTransform = -0.4100411803814604 -0.2662835229810219 0.8723298205267286 375.7849593087937 -0.01703121295025062 0.958500403105824 0.2845820005401192 95.9508772775437 -0.9119079822969104 0.1018335044805433 -0.3975597680706504 495.26279296875 0 0 0 1
Seq_Frame0005_NeedleToTrackerTransformStatus = OK
Seq_Frame0005_ProbeToTrackerTransform = 0.9441039556557187 0.2431432711413481 -0.2225962052998868 181.4958984375 -0.2475723498096638 0.0771220905449139 -0.9657950687178432 10.55381510857524 -0.2176594875601473 0.9669196103341097 0.1330068217287635 -162.5454068988374 0 0 0 1
Seq_Frame0005_ProbeToTrackerTransformStatus = OK
Seq_Frame0005_ReferenceToTrackerTransform = 0.6667428082302067 0.7418531204861615 0.07147010072920219 151.7363297537063 0.03015746539296488 -0.1226722910068493 0.9919889295250238 23.14882975370631 0.7446774838508075 -0.6592461275154187 -0.1041632776056643 -225.3197249337937 0 0 0 1
Seq_Frame0005_ReferenceToTrackerTransformStatus = OK
Seq_Frame0005_Timestamp = 582.4034884012443
Seq_Frame0005_ImageStatus = OK
Seq_Frame0006_ImageToReferenceTransform = -0.163733590572495 0.08985525685795991 -0.006025100963024214 140.0761894037133 0.08949530488296402 0.1609532749688984 -0.03167897612988794 -39.97288477083451 -0.01004340099597615 -0.03064300098938489 -0.1840623404914078 -16.02608561215331 0 0 0 1
Seq_Frame0006_ImageToReferenceTransformStatus = OK
Seq_Frame0006_NeedleToTrackerTransform = -0.4100154685722627 -0.2662386224144705 0.8723556106693603 375.8158609299709 -0.01668308599342663 0.9584770523457145 0.2846812511712108 95.83288984751457 -0.9119259784506654 0.1021701329230569 -0.3974320995658014 495.26279296875 0 0 0 1
Seq_Frame0006_NeedleToTrackerTransformStatus = OK
Seq_Frame0006_ProbeToTrackerTransform = 0.9443518117237374 0.2437414886685202 -0.2208840021272439 181.5455281212354 -0.2460298905241086 0.07767592826516237 -0.9661447837342188 11.02576482869174 -0.2183321979525462 0.9667246437687408 0.1333210953578284 -162.40869140625 0 0 0 1
Seq_Frame0006_ProbeToTrackerTransformStatus = OK
Seq_Frame0006_ReferenceToTrackerTransform = 0.666991719972851 0.741682040256798 0.07092105927136028 151.8543171837354 0.03096208255977873 -0.1226972963060639 0.9919610490955496 23.31644686747087 0.7444215169722189 -0.6594339425899274 -0.1048021012627362 -225.2017375037646 0 0 0 1
Seq_Frame0006_ReferenceToTrackerTransformStatus = OK
Seq_Frame0006_Timestamp = 582.4372117788053
Seq_Frame0006_ImageStatus = OK
Seq_Frame0007_ImageToReferenceTransform = -0.1637761472541363 0.08978670921220336 -0.005888817235956056 140.1007891247785 0.0894284189648796 0.1610720350471956 -0.03126149921124555 -40.06065488663104 -0.009944830489029499 -0.03021694545213737 -0.1841381140775978 -15.864177680899 0 0 0 1
Seq_Frame0007_ImageToReferenceTransformStatus = OK
Seq_Frame0007_NeedleToTrackerTransform = -0.41040536610021 -0.2661531813347726 0.8721983258075725 375.7416540821278 -0.01706019533869823 0.9585328875803927 0.2844708300719072 95.8699932714361 -0.911743596199698 0.1018684813481289 -0.3979276659101096 495.1386456151861 0 0 0 1
Seq_Frame0007_NeedleToTrackerTransformStatus = OK
Seq_Frame0007_ProbeToTrackerTransform = 0.9445293221692275 0.2453122793433533 -0.2183718048785342 181.8182354589361 -0.243697420206143 0.07774911436235826 -0.9667298705433384 11.90587825180831 -0.2201724936212754 0.9663213548397023 0.1332182879087999 -162.2970703125 0 0 0 1
Seq_Frame0007_ProbeToTrackerTransformStatus = OK
Seq_Frame0007_ReferenceToTrackerTransform = 0.667816092585326 0.740977584187302 0.07052578405106423 152.1270245214361 0.03156999535275495 -0.12286333994364 0.9919213351326408 23.97348263662221 0.7436565079910849 -0.6601945315055583 -0.105442774492433 -225.13974609375 0 0 0 1
Seq_Frame0007_ReferenceToTrackerTransformStatus = OK
Seq_Frame0007_Timestamp = 582.5111677317854
Seq_Frame0007_ImageStatus = OK
Seq_Frame0008_ImageToReferenceTransform = -0.1637053786078735 0.08993167433794146 -0.00563920771587372 140.222480272002 0.08957850374204486 0.1611572600164736 -0.03038014761182124 -40.15473994633508 -0.009757502939344954 -0.02931806461239143 -0.1842933816631753 -15.77668512943461 0 0 0 1
Seq_Frame0008_ImageToReferenceTransformStatus = OK
Seq_Frame0008_NeedleToTrackerTransform = -0.4101215011031706 -0.2662292789521981 0.8723086181859461 375.7166015625 -0.01792219857162217 0.9586142190332236 0.2841435796664815 96.20257843163989 -0.911854785111775 0.1008997031507798 -0.3979197164917103 495.2578581751299 0 0 0 1
Seq_Frame0008_NeedleToTrackerTransformStatus = OK
Seq_Frame0008_ProbeToTrackerTransform = 0.9451834934189405 0.2456643240690516 -0.2151213695755581 182.3641932193998 -0.2403738352302413 0.07754778463531345 -0.9675777800439921 13.22369263280958 -0.2210171556804417 0.9662480949413825 0.132348161744228 -162.19038401237 0 0 0 1
Seq_Frame0008_ProbeToTrackerTransformStatus = OK
Seq_Frame0008_ReferenceToTrackerTransform = 0.6685419836810318 0.740208386464151 0.0717158327286886 152.5662959817698 0.03145843352921315 -0.1244965582843367 0.9917212178506835 25.17208445767962 0.7430087368367341 -0.6607512024835769 -0.1065169723602202 -225.13974609375 0 0 0 1
Seq_Frame0008_ReferenceToTrackerTransformStatus = OK
Seq_Frame0008_Timestamp = 582.5494252438423
Seq_Frame0008_ImageStatus = OK
Seq_Frame0009_ImageToReferenceTransform = -0.1635061758054839 0.09028074447767448 -0.005837401412339006 140.1180465280067 0.09000723149657841 0.1611148441039411 -0.02931944370182363 -40.46125558955632 -0.009132192136043334 -0.02846597273551024 -0.1844589372277592 -15.98583248602097 0 0 0 1
Seq_Frame0009_ImageToReferenceTransformStatus = OK
Seq_Frame0009_NeedleToTrackerTransform = -0.4098285745712371 -0.2660034275167568 0.8725151666385204 375.5602499172783 -0.01714196199565754 0.9586117826610305 0.284199935401788 95.994140625 -0.9120014762070546 0.1015166325918001 -0.3974263211003696 495.151171875 0 0 0 1
Seq_Frame0009_NeedleToTrackerTransformStatus = OK
Seq_Frame0009_ProbeToTrackerTransform = 0.9461477953910902 0.2440589492455643 -0.2126959768536553 182.5452188327217 -0.2372670672294455 0.07578977555600486 -0.96848347881082 14.24318001838667 -0.2202468798528537 0.9667942589891199 0.1296154801740947 -162.1407186672783 0 0 0 1
Seq_Frame0009_ProbeToTrackerTransformStatus = OK
Seq_Frame0009_ReferenceToTrackerTransform = 0.6691290786417155 0.739559415824085 0.07292562363138991 152.8540078952217 0.03181597858628518 -0.126549802765328 0.9914498933010449 26.141906498165 0.7424648271956633 -0.6610877535441075 -0.1082079594637994 -225.13974609375 0 0 0 1
Seq_Frame0009_ReferenceToTrackerTransformStatus = OK
Seq_Frame0009_Timestamp = 582.6206013744221
Seq_Frame0009_ImageStatus = OK
Seq_Frame0010_ImageToReferenceTransform = -0.1634061645194992 0.09044210547080739 -0.006132577922788308 140.1957297956798 0.09021767056334268 0.161021481756578 -0.02918525145840228 -40.77240251306806 -0.008841125300131768 -0.0284820186921957 -0.1844706403272845 -15.79474929453721 0 0 0 1
Seq_Frame0010_ImageToReferenceTransformStatus = OK
Seq_Frame0010_NeedleToTrackerTransform = -0.4090957709826749 -0.2663292295200228 0.8727596414061332 375.2426282972516 -0.01693921617132769 0.9585096248171181 0.2845564304113484 95.85503064100161 -0.9123342113061376 0.1016269680558195 -0.3966336423504561 495.151171875 0 0 0 1
Seq_Frame0010_NeedleToTrackerTransformStatus = OK
Seq_Frame0010_ProbeToTrackerTransform = 0.9462579474441306 0.2436851400479958 -0.2126345442739956 182.9194837660016 -0.2372273554647885 0.07611714871277188 -0.9684675324919367 15.54448645425485 -0.2198160110592584 0.9668628300806823 0.1298352382458998 -161.8505859375 0 0 0 1
Seq_Frame0010_ProbeToTrackerTransformStatus = OK
Seq_Frame0010_ReferenceToTrackerTransform = 0.6698707948190739 0.7389370976397017 0.07242295202679958 153.2282728285016 0.03335348705203433 -0.1273921448054354 0.9912914739587649 26.98481579725161 0.7417281598739068 -0.6616216495654332 -0.1099824062129172 -225.028125 0 0 0 1
Seq_Frame0010_ReferenceToTrackerTransformStatus = OK
Seq_Frame0010_Timestamp = 582.6912883622154
Seq_Frame0010_ImageStatus = OK
Seq_Frame0011_ImageToReferenceTransform = -0.1634807650228094 0.0902812422234925 -0.006503411230135507 140.2079692868917 0.09011484478847631 0.1610754188286103 -0.02920528616437657 -40.97469049886027 -0.008504257623562129 -0.02868665490485188 -0.1844547680594249 -15.4698257662181 0 0 0 1
Seq_Frame0011_ImageToReferenceTransformStatus = OK
Seq_Frame0011_NeedleToTrackerTransform = -0.4086511621166513 -0.2666219098158885 0.8728785625199181 375.1623938880973 -0.017210793979062 0.9584605080903719 0.2847055373570329 95.88251953125 -0.9125283646393249 0.1013223155937271 -0.3962647752341918 495.2588951744027 0 0 0 1
Seq_Frame0011_NeedleToTrackerTransformStatus = OK
Seq_Frame0011_ProbeToTrackerTransform = 0.9461144366116144 0.2443510992822691 -0.2125088542029117 183.1741126380972 -0.2370902519161375 0.07567858880134655 -0.9685354736112558 16.75485744554165 -0.220580337476916 0.9667291717314543 0.1295338690921663 -161.8505859375 0 0 0 1
Seq_Frame0011_ProbeToTrackerTransformStatus = OK
Seq_Frame0011_ReferenceToTrackerTransform = 0.6700721411789501 0.7389087467747016 0.07083212234358788 153.5945227943472 0.03520524442956052 -0.1269504667192414 0.9912841014383423 27.57430795059721 0.7414606640817246 -0.6617381981868711 -0.1110794340995728 -225.13974609375 0 0 0 1
Seq_Frame0011_ReferenceToTrackerTransformStatus = OK
Seq_Frame0011_Timestamp = 582.7264656027534
Seq_Frame0011_ImageStatus = OK
Seq_Frame0012_ImageToReferenceTransform = -0.1635890420062596 0.09007969061195008 -0.006575128224971989 140.4546541005778 0.08993073950876877 0.1611921343716752 -0.02912872157922006 -40.89059268562491 -0.008369922837297296 -0.02866465722485416 -0.1844643321225355 -15.02236761688076 0 0 0 1
Seq_Frame0012_ImageToReferenceTransformStatus = OK
Seq_Frame0012_NeedleToTrackerTransform = -0.409731364185611 -0.2667826254172938 0.8723228989187742 375.411281229459 -0.01712984524571656 0.9583597562016091 0.2850493748371501 95.97936915089551 -0.9120453813294907 0.1018509129495076 -0.3972399953767191 495.0247793071455 0 0 0 1
Seq_Frame0012_NeedleToTrackerTransformStatus = OK
Seq_Frame0012_ProbeToTrackerTransform = 0.9458605018587187 0.2457021166280394 -0.2120810715459401 183.6314706928545 -0.2369486739663563 0.0761614517444522 -0.9685322705897635 17.80683980266795 -0.221818026610008 0.9663487482025724 0.1302568996950371 -161.8505859375 0 0 0 1
Seq_Frame0012_ProbeToTrackerTransformStatus = OK
Seq_Frame0012_ReferenceToTrackerTransform = 0.6703051489420153 0.7387407045288883 0.07037882333475244 153.843410135709 0.03640863477658601 -0.1274636806868773 0.991174768352917 28.03166600535448 0.7411918905489506 -0.6618271538535687 -0.1123361019733049 -225.2513671875 0 0 0 1
Seq_Frame0012_ReferenceToTrackerTransformStatus = OK
Seq_Frame0012_Timestamp = 582.8021082823958
Seq_Frame0012_ImageStatus = OK
Seq_Frame0013_ImageToReferenceTransform = -0.1638128714091879 0.08967491730345453 -0.006535297023704579 140.7745739616895 0.08952428410687979 0.161412209946571 -0.02916205481626016 -41.04663362906469 -0.008349484849357089 -0.02869538472719787 -0.184460480887189 -13.61048351631091 0 0 0 1
Seq_Frame0013_ImageToReferenceTransformStatus = OK
Seq_Frame0013_NeedleToTrackerTransform = -0.4093655847166464 -0.2661254390302869 0.8726952897492545 375.4333998674738 -0.0171823123544116 0.9585933009029749 0.2842598311511744 95.994140625 -0.9122086308469973 0.1013712689319603 -0.3969877575484798 495.26279296875 0 0 0 1
Seq_Frame0013_NeedleToTrackerTransformStatus = OK
Seq_Frame0013_ProbeToTrackerTransform = 0.9451365124597352 0.2493733821227529 -0.2110210631764239 184.5696274762761 -0.2364654934526487 0.0765649364048471 -0.9686185425230703 19.48202982002612 -0.2253908676536035 0.9653759510170019 0.1313325168279913 -161.8505859375 0 0 0 1
Seq_Frame0013_ProbeToTrackerTransformStatus = OK
Seq_Frame0013_ReferenceToTrackerTransform = 0.6713155410621576 0.7379351362279619 0.06918944318782726 154.6551743512761 0.03748403680744284 -0.1270348541195562 0.9911897360361643 28.18017721122388 0.7402232037115836 -0.662807574307236 -0.1129412596348964 -225.474609375 0 0 0 1
Seq_Frame0013_ReferenceToTrackerTransformStatus = OK
Seq_Frame0013_Timestamp = 582.8895351073553
Seq_Frame0013_ImageStatus = OK
Seq_Frame0014_ImageToReferenceTransform = -0.163873701443736 0.0895685805325223 -0.006468162425871758 140.8021181985907 0.08939074766896255 0.1614131921772778 -0.02956348948087837 -41.0572658471818 -0.00858326206842399 -0.02902013422418064 -0.1843989357940391 -13.1425892505669 0 0 0 1
Seq_Frame0014_ImageToReferenceTransformStatus = OK
Seq_Frame0014_NeedleToTrackerTransform = -0.4091896973211963 -0.2658584881724051 0.8728591271636398 375.2814638941346 -0.01698628255048918 0.9586647886092112 0.2840304372527201 95.8938662378846 -0.9122912132709066 0.1013956968886726 -0.3967917020820341 495.26279296875 0 0 0 1
Seq_Frame0014_NeedleToTrackerTransformStatus = OK
Seq_Frame0014_ProbeToTrackerTransform = 0.9449171628308833 0.2500313627467221 -0.211224697965581 184.7215634496154 -0.2369685909059854 0.07743042980774945 -0.968426773413364 19.73424018048081 -0.2257818467274674 0.9651366981846686 0.1324149217631085 -161.8505859375 0 0 0 1
Seq_Frame0014_ProbeToTrackerTransformStatus = OK
Seq_Frame0014_ReferenceToTrackerTransform = 0.6712770024076017 0.738081332012078 0.0679936274509685 154.8071103246154 0.03784311291346585 -0.1257423411247281 0.9913408911436524 28.02824123788459 0.7402398833105949 -0.6628912512499685 -0.1123392370125759 -225.474609375 0 0 0 1
Seq_Frame0014_ReferenceToTrackerTransformStatus = OK
Seq_Frame0014_Timestamp = 582.9330196887283
Seq_Frame0014_ImageStatus = OK
Seq_Frame0015_ImageToReferenceTransform = -0.1638304279443917 0.08963165756818507 -0.006686896687034509 141.0222205884633 0.08945219933460749 0.1612411387739079 -0.03030715004235068 -41.12170051559876 -0.008767160040812828 -0.02977211020959384 -0.1842703628542446 -12.22093915397463 0 0 0 1
Seq_Frame0015_ImageToReferenceTransformStatus = OK
Seq_Frame0015_NeedleToTrackerTransform = -0.4095160906396226 -0.2657149144150144 0.872749766980583 375.493359375 -0.01756283513814911 0.9587636234208177 0.2836615258135915 96.21738281249999 -0.9121338269843689 0.1008359988417144 -0.3972958381463909 495.03955078125 0 0 0 1
Seq_Frame0015_NeedleToTrackerTransformStatus = OK
Seq_Frame0015_ProbeToTrackerTransform = 0.9451528128059791 0.2490804440416343 -0.2112938542432515 185.2129027200072 -0.2370691543446318 0.07813159699711689 -0.9683458419433635 20.38205544001428 -0.2246872860294219 0.9653260516254094 0.1328955889035838 -161.8840941262571 0 0 0 1
Seq_Frame0015_ProbeToTrackerTransformStatus = OK
Seq_Frame0015_ReferenceToTrackerTransform = 0.6710566097690784 0.7386113192852413 0.06431442691143376 155.0752074075071 0.03941953715539748 -0.1221685127433033 0.9917262498212618 27.72663596623571 0.7403574316339948 -0.6629692100827945 -0.1110977043260133 -225.58623046875 0 0 0 1
Seq_Frame0015_ReferenceToTrackerTransformStatus = OK
Seq_Frame0015_Timestamp = 583.0010592265977
Seq_Frame0015_ImageStatus = OK
Seq_Frame0016_ImageToReferenceTransform = -0.1638380723225231 0.08960842955366737 -0.006809784040131934 140.9578612994311 0.08938518262710433 0.1610271136567207 -0.03161457938548593 -41.08488543449059 -0.009292113095575157 -0.03097604619976773 -0.1840460533916257 -10.79614374848084 0 0 0 1
Seq_Frame0016_ImageToReferenceTransformStatus = OK
Seq_Frame0016_NeedleToTrackerTransform = -0.4093306312985839 -0.2659024800386102 0.8727796430886892 375.4030293542088 -0.01666233520144721 0.9586092795977209 0.2842369005860668 95.90381060420879 -0.9122339616931271 0.1018043229851044 -0.3968186978397152 495.1298808020412 0 0 0 1
Seq_Frame0016_NeedleToTrackerTransformStatus = OK
Seq_Frame0016_ProbeToTrackerTransform = 0.9448409363747572 0.2500332775484299 -0.2115631467644153 186.0562379372472 -0.2375310730224806 0.07835156337007532 -0.9682148634813731 20.85185345829121 -0.2255096323868687 0.9650618594866625 0.1334204372084144 -162.3448181873736 0 0 0 1
Seq_Frame0016_ProbeToTrackerTransformStatus = OK
Seq_Frame0016_ReferenceToTrackerTransform = 0.671806999649623 0.7383788572050457 0.05892383604571883 155.7378825831648 0.0400587814219272 -0.1156487885196056 0.9924820662082203 26.98584788558517 0.7396422440969431 -0.664395982036706 -0.1072722228758193 -225.7668905103324 0 0 0 1
Seq_Frame0016_ReferenceToTrackerTransformStatus = OK
Seq_Frame0016_Timestamp = 583.0754916569539
Seq_Frame0016_ImageStatus = OK
Seq_Frame0017_ImageToReferenceTransform = -0.1638147826068859 0.08965674142589601 -0.006733754875404001 141.0484401601098 0.08941068015430292 0.160976690207993 -0.0317987308561932 -41.07478019594261 -0.009455974578314435 -0.03109809229565447 -0.184017123710379 -10.46479005385018 0 0 0 1
Seq_Frame0017_ImageToReferenceTransformStatus = OK
Seq_Frame0017_NeedleToTrackerTransform = -0.4094076204365226 -0.2658501194156392 0.8727594825237904 375.3543786013001 -0.01635418878407678 0.9585890870095501 0.2843228847198401 95.7572185975251 -0.9122049883867764 0.1021306823285102 -0.3968014401301915 495.151171875 0 0 0 1
Seq_Frame0017_NeedleToTrackerTransformStatus = OK
Seq_Frame0017_ProbeToTrackerTransform = 0.9448140531106439 0.2505638992375271 -0.2110548209435725 186.4345862424498 -0.2370466413640464 0.07818648927568787 -0.9683469227052708 20.87314453125 -0.2261311452734061 0.9649376173067504 0.1332670245923897 -162.40869140625 0 0 0 1
Seq_Frame0017_ProbeToTrackerTransformStatus = OK
Seq_Frame0017_ReferenceToTrackerTransform = 0.6723536928742691 0.7379559819310027 0.05797827533295 155.9620276486998 0.0396746294368561 -0.1141379945272797 0.9926723739403344 26.7890625 0.7391660405195721 -0.6651266698438281 -0.1060192322415034 -225.8231524962249 0 0 0 1
Seq_Frame0017_ReferenceToTrackerTransformStatus = OK
Seq_Frame0017_Timestamp = 583.1167325570655
Seq_Frame0017_ImageStatus = OK
Seq_Frame0018_ImageToReferenceTransform = -0.1637424353516725 0.08980855440598515 -0.006464992565612619 141.2393777478967 0.08952840110954384 0.1609602736047234 -0.03154963710087706 -41.15755318977877 -0.009594187891328654 -0.03074298772824476 -0.1840696303776295 -10.02657971119306 0 0 0 1
Seq_Frame0018_ImageToReferenceTransformStatus = OK
Seq_Frame0018_NeedleToTrackerTransform = -0.4083762052376752 -0.2658771006433172 0.8732343570595349 375.1396066631479 -0.01629340073738871 0.9586110500360048 0.2842523172135613 95.67816677435208 -0.9126682859002425 0.1018539253164631 -0.3958059850602834 495.2439035381479 0 0 0 1
Seq_Frame0018_NeedleToTrackerTransformStatus = OK
Seq_Frame0018_ProbeToTrackerTransform = 0.9454604433388368 0.2508904674083409 -0.20774629586386 187.0391742637958 -0.2336024245023352 0.07776506196059739 -0.9692174690980839 21.07749728814791 -0.2270120202724098 0.964886816420397 0.1321324114286511 -162.5014230693979 0 0 0 1
Seq_Frame0018_ProbeToTrackerTransformStatus = OK
Seq_Frame0018_ReferenceToTrackerTransform = 0.6730542291681756 0.7374207779316195 0.05664451318140541 156.3622629131479 0.03932166723069846 -0.112159338981954 0.9929119241732016 26.69633083685209 0.7385470946967645 -0.6660562130585198 -0.104485931881341 -226.0138254131479 0 0 0 1
Seq_Frame0018_ReferenceToTrackerTransformStatus = OK
Seq_Frame0018_Timestamp = 583.1911200647528
Seq_Frame0018_ImageStatus = OK
Seq_Frame0019_ImageToReferenceTransform = -0.163714313242931 0.08987224030870235 -0.006289813863467875 141.3500449725296 0.08956388919910338 0.1609464592274508 -0.03151937363813602 -41.04525364482183 -0.009741743804284317 -0.03062899119952499 -0.1840808840821069 -9.721260940616221 0 0 0 1
Seq_Frame0019_ImageToReferenceTransformStatus = OK
Seq_Frame0019_NeedleToTrackerTransform = -0.4097985133215749 -0.2656746611553122 0.8726294476462715 375.5517444827304 -0.01600671950873166 0.9585929764103898 0.2843295456107898 95.54765624999999 -0.9120356152091844 0.1025498902811672 -0.3970825563951718 494.9811656735196 0 0 0 1
Seq_Frame0019_NeedleToTrackerTransformStatus = OK
Seq_Frame0019_ProbeToTrackerTransform = 0.9458035830771877 0.2513871670719972 -0.2055725528125512 187.5285866217109 -0.2315056222088137 0.07802818612938391 -0.9696993085771837 21.26639292023044 -0.2277295086809423 0.9647362823076957 0.1319968805504987 -162.63193359375 0 0 0 1
Seq_Frame0019_ProbeToTrackerTransformStatus = OK
Seq_Frame0019_ReferenceToTrackerTransform = 0.6735753913558902 0.7370528703896995 0.0552200906379559 156.6095436529608 0.03955331966109937 -0.1105487782472077 0.9930833311116629 26.67744140625 0.7380594332867416 -0.6667323555058314 -0.1036158243614331 -226.0910999514804 0 0 0 1
Seq_Frame0019_ReferenceToTrackerTransformStatus = OK
Seq_Frame0019_Timestamp = 583.2289830507372
Seq_Frame0019_ImageStatus = OK
Seq_Frame0020_ImageToReferenceTransform = -0.1635390093336945 0.0901837998797497 -0.006390014155300499 141.2139755172599 0.08989314936124267 0.1607872529581867 -0.03139434652833159 -41.07703703918875 -0.009653098232858494 -0.03054928711555381 -0.1840987976130797 -9.383231285564534 0 0 0 1
Seq_Frame0020_ImageToReferenceTransformStatus = OK
Seq_Frame0020_NeedleToTrackerTransform = -0.409853199136928 -0.2662942182998521 0.8724148923862409 375.5041323812207 -0.01777968950785147 0.9585869638445507 0.284244464129542 96.08421570630858 -0.9119782002867338 0.1009872370518016 -0.3976145623017512 495.151171875 0 0 0 1
Seq_Frame0020_NeedleToTrackerTransformStatus = OK
Seq_Frame0020_ProbeToTrackerTransform = 0.9465605347272443 0.2515464833548473 -0.2018601516116615 188.5064813313086 -0.227256520448816 0.07606619048706076 -0.9708596235183968 21.3304019124707 -0.2288615913830241 0.9648514400552013 0.1291668324804552 -163.1792660562793 0 0 0 1
Seq_Frame0020_ProbeToTrackerTransformStatus = OK
Seq_Frame0020_ReferenceToTrackerTransform = 0.6752355535313028 0.7357848994994335 0.05174484434109247 157.3749691812793 0.03985969101930219 -0.1064498024414937 0.9935188194453153 26.45419921875 0.7365243731738422 -0.6687966964846459 -0.1012068500255955 -226.367578125 0 0 0 1
Seq_Frame0020_ReferenceToTrackerTransformStatus = OK
Seq_Frame0020_Timestamp = 583.3031627945677
Seq_Frame0020_ImageStatus = OK
Seq_Frame0021_ImageToReferenceTransform = -0.1632979508901616 0.09062175392053103 -0.006358809361826675 141.3384007803547 0.09034140491770368 0.1606200960510182 -0.03096028939814688 -41.29916355167119 -0.009548715829471911 -0.03012971753580862 -0.1841733709886164 -9.237067548511272 0 0 0 1
Seq_Frame0021_ImageToReferenceTransformStatus = OK
Seq_Frame0021_NeedleToTrackerTransform = -0.41036943545925 -0.2662218529240927 0.8721942739244046 375.6979890756566 -0.01846039687440365 0.9586671387466774 0.2839305035294693 96.21738281249999 -0.9117324937656308 0.1004153479948221 -0.3983222535824264 495.1046675715467 0 0 0 1
Seq_Frame0021_NeedleToTrackerTransformStatus = OK
Seq_Frame0021_ProbeToTrackerTransform = 0.9474705091078929 0.250125216752644 -0.19934144154007 189.1047452993434 -0.2243972936538352 0.07571939534089801 -0.9715515569284233 21.38474569654671 -0.2279155303432935 0.9652481282621851 0.1278693157668547 -163.1900390625 0 0 0 1
Seq_Frame0021_ProbeToTrackerTransformStatus = OK
Seq_Frame0021_ReferenceToTrackerTransform = 0.6760887401968418 0.7350384443409788 0.05121035754455815 157.7857222590467 0.04004698967831419 -0.1060564139410386 0.9935533582448767 26.342578125 0.7357311016918834 -0.6696794176341103 -0.1011396242848789 -226.47919921875 0 0 0 1
Seq_Frame0021_ReferenceToTrackerTransformStatus = OK
Seq_Frame0021_Timestamp = 583.378755745752
Seq_Frame0021_ImageStatus = OK
Seq_Frame0022_ImageToReferenceTransform = -0.1631290950898038 0.09093420284651846 -0.006231092734370405 141.2558942754108 0.09065065806098693 0.1605281973120206 -0.03052999263366368 -41.40424896888414 -0.009503931276786825 -0.02967466997761637 -0.1842495524839931 -9.134172740895631 0 0 0 1
Seq_Frame0022_ImageToReferenceTransformStatus = OK
Seq_Frame0022_NeedleToTrackerTransform = -0.4095091943662193 -0.266068223316226 0.872645357674512 375.38173828125 -0.01745677916607579 0.9586372044074629 0.284095003805049 95.88251953125 -0.9121389590356707 0.1011059388324485 -0.3972154434839264 495.1511718750001 0 0 0 1
Seq_Frame0022_NeedleToTrackerTransformStatus = OK
Seq_Frame0022_ProbeToTrackerTransform = 0.9482076607461716 0.2492196643431637 -0.1969563175096301 189.4844401853568 -0.2219312996431319 0.07615324365815591 -0.9720839375892659 21.49469409160679 -0.2272635702020538 0.9654482080282828 0.1275187330316367 -163.30166015625 0 0 0 1
Seq_Frame0022_ProbeToTrackerTransformStatus = OK
Seq_Frame0022_ReferenceToTrackerTransform = 0.6766878777814267 0.7344952589815011 0.05109041590519609 158.1189128416068 0.04044969762514947 -0.1063727939225539 0.9935032212706427 26.342578125 0.7351580360886375 -0.6702249944957343 -0.1016912913060416 -226.5109212645534 0 0 0 1
Seq_Frame0022_ReferenceToTrackerTransformStatus = OK
Seq_Frame0022_Timestamp = 583.4184478367668
Seq_Frame0022_ImageStatus = OK
Seq_Frame0023_ImageToReferenceTransform = -0.1626562529700831 0.09181833128225432 -0.005594160093920438 141.3418414377032 0.09149312492726068 0.1603025576221057 -0.02917229855847547 -42.03085250181152 -0.009535179190717856 -0.02813185877635697 -0.1844898016885659 -8.10408324158275 0 0 0 1
Seq_Frame0023_ImageToReferenceTransformStatus = OK
Seq_Frame0023_NeedleToTrackerTransform = -0.409591197095205 -0.2652440854908428 0.8728577354725359 375.38173828125 -0.0168698920477796 0.9588370721619884 0.2834552447744124 95.65927734374999 -0.9121131826722017 0.1013757572595749 -0.3972058632946329 495.151171875 0 0 0 1
Seq_Frame0023_NeedleToTrackerTransformStatus = OK
Seq_Frame0023_ProbeToTrackerTransform = 0.9504816786094437 0.2466205638172928 -0.189110750964124 190.3251259684041 -0.2139231362099671 0.07778632705759626 -0.9737485194427669 22.34654099930809 -0.2254361781566262 0.965985292240689 0.1266923231802329 -163.312821280904 0 0 0 1
Seq_Frame0023_ProbeToTrackerTransformStatus = OK
Seq_Frame0023_ReferenceToTrackerTransform = 0.6781292864471522 0.7331586433546731 0.05117689456201192 158.8591386555581 0.0410596870584776 -0.1073187897994747 0.993376454046821 26.21979590659595 0.7337947757795336 -0.6715363586808322 -0.1028792788094506 -226.70244140625 0 0 0 1
Seq_Frame0023_ReferenceToTrackerTransformStatus = OK
Seq_Frame0023_Timestamp = 583.4935440447522
Seq_Frame0023_ImageStatus = OK
Seq_Frame0024_ImageToReferenceTransform = -0.1622931568720221 0.0924882782244288 -0.00508002720185363 141.1472532001415 0.09214221105580882 0.1601514037772738 -0.02793324404456336 -42.48164325549217 -0.009471660661263277 -0.02676497108364711 -0.1846963230771065 -7.250761411628911 0 0 0 1
Seq_Frame0024_ImageToReferenceTransformStatus = OK
Seq_Frame0024_NeedleToTrackerTransform = -0.408940542188008 -0.2653981038323093 0.8731159599029175 375.18944098689 -0.01676438115945186 0.9587988063250184 0.2835909104926687 95.77089843749999 -0.9124070300470721 0.1013345719482496 -0.3965409386794084 495.12022698186 0 0 0 1
Seq_Frame0024_NeedleToTrackerTransformStatus = OK
Seq_Frame0024_ProbeToTrackerTransform = 0.9523813041368741 0.2442608316711069 -0.1825006784696605 190.90301520564 -0.2069052129843445 0.07807453391667409 -0.9752407907761024 23.02489020564003 -0.2239644712235631 0.9665614379153731 0.1248955658320841 -163.41328125 0 0 0 1
Seq_Frame0024_ProbeToTrackerTransformStatus = OK
Seq_Frame0024_ReferenceToTrackerTransform = 0.6789379549811391 0.7323870145015131 0.05150256571850802 159.53748786189 0.0410271007760448 -0.107884497907468 0.9933165216149209 26.1193359375 0.7330484501640674 -0.6722872868802547 -0.1032945962344834 -226.73338629939 0 0 0 1
Seq_Frame0024_ReferenceToTrackerTransformStatus = OK
Seq_Frame0024_Timestamp = 583.5728183297154
Seq_Frame0024_ImageStatus = OK
Seq_Frame0025_ImageToReferenceTransform = -0.1619134654144233 0.09318539997605997 -0.0044122361970619 141.4231637026504 0.09284481571947391 0.1600983456970731 -0.02583187574128236 -43.11981106435435 -0.009101543436768129 -0.02457475033894349 -0.1850190555722731 -6.338261203533035 0 0 0 1
Seq_Frame0025_ImageToReferenceTransformStatus = OK
Seq_Frame0025_NeedleToTrackerTransform = -0.4095660269165432 -0.2660320590040607 0.872629711376972 375.6403199879733 -0.01654131539827034 0.9585449643377256 0.284460781528286 95.65927734374999 -0.9121305029877537 0.1020710288223268 -0.3969879728586994 495.2218509134465 0 0 0 1
Seq_Frame0025_NeedleToTrackerTransformStatus = OK
Seq_Frame0025_ProbeToTrackerTransform = 0.9545775845852769 0.2411645739376148 -0.1749893804915814 192.0589602884466 -0.198575397467507 0.07705054554832953 -0.9770522119883494 24.14549576922329 -0.2221473531869339 0.9674207263172491 0.1214400747852461 -163.41328125 0 0 0 1
Seq_Frame0025_ProbeToTrackerTransformStatus = OK
Seq_Frame0025_ReferenceToTrackerTransform = 0.6792186134172618 0.7318815953038581 0.05487627577571309 160.6580934254733 0.03969593892433788 -0.111294033674514 0.9929943960070324 26.342578125 0.732861724761532 -0.6722819114954201 -0.1046457063410464 -227.14892578125 0 0 0 1
Seq_Frame0025_ReferenceToTrackerTransformStatus = OK
Seq_Frame0025_Timestamp = 583.6612277509873
Seq_Frame0025_ImageStatus = OK
Seq_Frame0026_ImageToReferenceTransform = -0.1617676550988237 0.09344280773867289 -0.004315583216650036 141.5476904139995 0.09310236976710273 0.1599997197429147 -0.02551400512076181 -43.19649356180533 -0.009063260395675401 -0.02423734271658866 -0.1850654366477585 -6.179781280614912 0 0 0 1
Seq_Frame0026_ImageToReferenceTransformStatus = OK
Seq_Frame0026_NeedleToTrackerTransform = -0.4099678632391211 -0.2664224674177522 0.8723218557196569 375.7914710603409 -0.01734062504926233 0.9584922443903632 0.2845907942404757 95.95875533511355 -0.9119351149254261 0.1015464735899809 -0.3975709494761773 495.2995445646591 0 0 0 1
Seq_Frame0026_NeedleToTrackerTransformStatus = OK
Seq_Frame0026_ProbeToTrackerTransform = 0.9551125562631931 0.2399146859954339 -0.1737842004098799 192.3612624331818 -0.1972139556784724 0.07719120015995803 -0.9773168239130621 24.37151633943178 -0.2210580479286796 0.9677202395638824 0.1210408087563195 -163.41328125 0 0 0 1
Seq_Frame0026_ProbeToTrackerTransformStatus = OK
Seq_Frame0026_ReferenceToTrackerTransform = 0.6793531431111526 0.7317205076516072 0.05535707386659577 160.8092444978409 0.0395965199729822 -0.1118813124502693 0.9929323680545591 26.41744762284089 0.7327423984941955 -0.6723597776536603 -0.104980506964359 -227.2237952790909 0 0 0 1
Seq_Frame0026_ReferenceToTrackerTransformStatus = OK
Seq_Frame0026_Timestamp = 583.7089684813267
Seq_Frame0026_ImageStatus = OK
Seq_Frame0027_ImageToReferenceTransform = -0.1616021752735256 0.09373366843320885 -0.004206315009505657 141.5560293485035 0.09340249241227208 0.1599103889868189 -0.02497134587829125 -43.39158316420063 -0.008926339645245845 -0.02369777023259232 -0.1851419546091462 -5.92733318205397 0 0 0 1
Seq_Frame0027_ImageToReferenceTransformStatus = OK
Seq_Frame0027_NeedleToTrackerTransform = -0.4094015350948391 -0.2668010041871973 0.8724721240398987 375.493359375 -0.0178430855110312 0.9584450410428327 0.2847186815083421 96.10257689255009 -0.9121798108714286 0.1009966705644589 -0.397149424239113 495.48285033005 0 0 0 1
Seq_Frame0027_NeedleToTrackerTransformStatus = OK
Seq_Frame0027_ProbeToTrackerTransform = 0.9557612754365009 0.2388655094860665 -0.1716497968363344 192.54638671875 -0.1947839951511642 0.07669786090008263 -0.9778428469679075 24.78306763869989 -0.2204077575970144 0.9680189597891734 0.1198320235986286 -163.52490234375 0 0 0 1
Seq_Frame0027_ProbeToTrackerTransformStatus = OK
Seq_Frame0027_ReferenceToTrackerTransform = 0.6797965255291514 0.731271289016307 0.05584788034404491 160.9608020136999 0.03936085564066022 -0.1124174889650286 0.9928811767870478 26.5658203125 0.732343776461389 -0.6727589538870713 -0.1052044820482686 -227.37216796875 0 0 0 1
Seq_Frame0027_ReferenceToTrackerTransformStatus = OK
Seq_Frame0027_Timestamp = 583.7801287814013
Seq_Frame0027_ImageStatus = OK
Seq_Frame0028_ImageToReferenceTransform = -0.1615254379314846 0.09386902139318609 -0.004134782409355607 141.4590795784379 0.0935374607535268 0.1598639127093511 -0.02476285791140092 -43.4847121934401 -0.008901939016116323 -0.02347453202519149 -0.185171566391589 -5.804326231344022 0 0 0 1
Seq_Frame0028_ImageToReferenceTransformStatus = OK
